1442
23129
23228
23303
23329
23358
23378
23399
26895
28697
28964
29178
29426
29474
29501
29516
29589
31496
31696
32097
32733
32759
38223
39507
39944
40734
41275
43721
44025
45063
47338
48000
48069
48651
48700
50399
53774
55460
56007
57141
59142
67562
67884
68782
71169
72636
74377
74612
74644
77144
78410
78559
80882
80964
81019
81971
83912
84431
85122
86755
87821
89165
89207
90003
90520
98631
99140
99511
99611
100898
101117
102947
103315
105883
106133
106414
106499
107065
107349
107722
108568
108912
109122
109397
110804
111062
111495
113712
114493
115128
115327
115717
115879
116597
117048
119202
120085
123053
125277
127185
127637
127739
129128
129701
129924
133070
134280
134622
135649
136138
136822
137303
138004
139235
141407
141435
141444
141634
144632
148348
148538
149825
150552
151211
151650
152510
152546
153222
157004
157341
157998
161081
161202
161718
161768
163181
163277
164550
165258
166402
167389
167696
168375
171495
173269
175997
176960
178073
178274
179436
179909
180663
182129
182247
182280
182496
183336
184968
186451
187005
187098
189357
189791
190074
191927
193380
194391
196962
198326
200451
201711
201950
203331
203550
204268
206727
208896
209327
212083
214331
215341
217117
218900
219078
219470
220273
222613
225339
225409
226357
226713
229003
229033
229160
231630
231904
232131
233849
236306
236475
239013
239997
243541
243844
245523
246152
247724
247799
248559
248932
251525
253063
253085
254217
256273
256579
256940
256954
256972
257816
261013
261293
262736
262885
262894
268722
268801
268814
269544
269793
269977
270064
270668
271421
271921
272200
273015
274572
274804
275045
277038
277147
277257
278891
279237
283090
284809
285346
285420
287302
288791
289224
289523
289627
293098
293754
293993
294073
299396
302590
302720
303020
303135
303363
303422
305604
307202
307762
307923
308502
313318
321077
321144
322073
322214
333863
334529
334782
334862
334974
335437
336640
338230
339950
340094
341932
342148
342259
342437
343167
343201
346939
347806
350769
351956
352805
353136
353245
354744
354774
355653
355917
357756
357766
364020
364179
364912
365760
365799
366238
366703
366805
368725
373522
374095
374216
374501
374950
375055
375577
376003
377144
377582
378736
379589
380819
384299
384323
384660
385009
385107
385235
386445
387405
388932
392701
394001
394046
394868
399261
399324
401501
402238
403182
404098
406178
406610
406659
406939
407322
407641
408521
409457
409495
410852
410925
411494
412072
415295
416765
418281
419211
422792
423571
424867
425380
427695
428438
429074
429707
430389
430434
430955
431768
432691
435051
435069
436144
436308
436698
437325
438641
438852
439651
440306
441768
443823
445235
445260
446461
446749
450324
450581
450864
451820
453053
454253
454325
454553
456474
457900
459010
459181
460270
460577
460745
462858
464138
464757
466337
466401
466418
466694
467574
467843
468501
469748
471984
474249
474503
475026
476580
476731
479120
479527
480093
480286
482705
489659
491659
492114
494312
497072
498326
499015
500596
500765
501142
501490
506219
506248
507008
508156
508548
509262
509744
512552
513296
513332
515885
517190
518987
519395
519650
519947
520367
521559
521758
523171
524005
525799
526141
526842
526989
533220
533229
533956
535285
535542
535629
536650
537119
537919
537972
538343
539604
540980
541329
541671
541686
546013
546796
547515
548510
552479
553127
554097
556510
559161
560817
565111
565621
567119
567532
568336
570963
574146
574964
576621
577350
577380
578030
578071
578113
578124
578145
578266
578474
578598
578609
578620
578632
578643
582821
583226
584195
585238
586306
590283
590549
591285
593650
594070
596477
597811
598018
598507
599179
600878
601907
602852
603196
603627
606809
608486
608640
614050
614420
616002
617304
619146
619645
620971
621905
622121
622424
623583
624600
625200
626103
626236
626327
628009
631744
632669
632964
634113
635826
637713
639284
639373
639664
640129
641172
642729
645807
646745
650428
653823
654084
657664
657793
658080
659777
661976
667320
668160
668396
668850
673210
673234
673258
673338
673996
679663
682846
682888
682936
683102
683672
683799
685165
685635
686357
689915
692258
692877
693606
693624
693798
694341
694371
696037
696878
700002
701647
702221
702794
702900
708524
709304
712105
715089
715615
716750
716961
717062
717254
717344
717798
718859
718919
726254
728090
728770
729013
730685
732388
732612
733174
733309
734787
735026
736036
737651
738217
738283
742038
742594
742898
743135
744190
747460
749777
749858
753834
755388
755856
756220
756543
756675
759000
759132
762160
762258
763203
763373
765185
766061
767425
768313
768681
769962
770374
770463
771552
771571
771642
772262
774139
774682
774846
774882
779041
781840
782171
782679
782972
784534
784917
785011
785870
786671
789393
790199
790530
791052
791688
792968
793478
801054
802140
802269
802681
802849
803214
803332
805072
806011
806071
808472
808543
808806
808848
811572
811808
813166
815032
816703
816922
817065
817082
818948
820517
821430
823046
824991
825157
826891
827016
828337
829294
829480
831044
832011
832257
832988
834694
835850
836422
838903
839231
840338
844941
845013
845808
846332
846360
851903
852224
852783
852996
853354
854074
854761
856239
856658
858117
859839
859944
860191
860789
860825
861121
861618
861649
861714
862447
863180
866172
867007
871361
873396
873423
876215
876257
879543
879575
879607
879641
880082
881725
883120
883710
884373
884883
888300
888694
888925
894754
898429
898694
899154
899772
901472
904251
904551
909178
909556
909722
909762
911664
912954
913244
914980
916202
922268
923955
942776
